1854
1855
1855
1856
1856
1857
1857
1857
1858
1859
1859
1859
1860
1860
1860
1860
1860
1860
1860
1861
1861
1861
1861
1861
1862
1863
1863
1863
1863
1863
1863
1864
1864
1864
1865
1865
1865
1865
1865
1865
1865
1865
1866
1866
1866
1866
1866
1866
1866
1867
1867
1867
1867
1867
1867
1867
1868
1869
1869
1869
1869
1869
1869
1869
1869
1869
1869
1869
1869
1869
1870
1870
1870
1870
1870
1870
1870
1871
1871
1871
1871
1871
1872
1872
1872
1872
1872
1872
1872
1872
1872
1873
1873
1873
1873
1873
1873
1873
1873
1873
1873
1874
1874
1874
1874
1874
1874
1874
1875
1875
1875
1875
1876
1876
1876
1876
1876
1876
1877
1877
1877
1877
1877
1878
1878
1878
1878
1878
1878
1878
1878
1878
1878
1878
1878
1878
1878
1878
1879
1879
1879
1879
1879
1879
1879
1879
1879
1879
1879
1879
1879
1879
1879
1879
1879
1879
1879
1879
1879
1880
1880
1880
1880
1880
1880
1880
1881
1881
1881
1881
1881
1882
1882
1882
1883
1883
1883
1883
1883
1883
1883
1883
1883
1883
1884
1884
1884
1884
1884
1884
1884
1884
1884
1884
1884
1884
1884
1884
1884
1884
1884
1885
1885
1885
1885
1885
1885
1885
1885
1885
1885
1885
1885
1885
1885
1885
1886
1886
1886
1886
1886
1886
1886
1886
1886
1886
1886
1886
1886
1886
1886
1886
1886
1886
1887
1887
1887
1887
1887
1887
1887
1888
1888
1888
1888
1888
1888
1888
1888
1889
1889
1889
1889
1889
1889
1889
1889
1889
1889
1889
1889
1889
1889
1889
1889
1890
1890
1890
1890
1890
1890
1890
1890
1890
1890
1890
1890
1890
1890
1890
1890
1890
1890
1890
1890
1890
1890
1890
1891
1891
1891
1891
1891
1891
1891
1891
1891
1891
1891
1891
1891
1892
1892
1892
1892
1892
1892
1892
1892
1892
1892
1892
1892
1892
1892
1892
1892
1892
1893
1893
1893
1893
1893
1893
1893
1893
1894
1894
1894
1894
1894
1894
1894
1895
1895
1895
1895
1895
1895
1895
1895
1895
1895
1895
1895
1895
1896
1896
1896
1896
1896
1896
1896
1896
1896
1896
1897
1897
1897
1897
1897
1897
1897
1897
1897
1898
1898
1898
1898
1898
null
null
null
null
null
null
null
null
null
null
null
null
null
null
null
null
null
null
null
null
null
null
null
null
null
null
null
null
null
null
null
null
null
null
null
null
null
null
null
null
null
null
null
null
null
null
null
null
null
null
null
null
null
null
null
null
null
null
null
null
null
null
null
null
null
null
null
null
null
null
null
null
null
null
null
null
null
null
null
null
null
null
null
null
null
null
null
null
null
null
null
null
null
null
null
null
null
null
null
null
null
null
null
null
null
null
null
null
null
null
null
null
null
null
null
null
null
null
null
null
null
null
null
null
null
null
null
null
null
null
null
null
null
null
null
null
null
null
null
null
null
null
null
null
null
null
null
null
null
null
null
